0
-1 0
-1 5660 0
-1 -1 -1 0
6500 -1 6310 -1 0
-1 -1 -1 -1 -1 0
-1 4360 4370 -1 -1 -1 0
6950 -1 -1 -1 -1 -1 -1 0
-1 -1 -1 -1 -1 5470 -1 -1 0
-1 5790 10390 -1 9520 -1 -1 -1 -1 0
-1 -1 -1 9460 -1 4270 -1 -1 -1 -1 0
-1 -1 -1 8830 -1 4150 -1 -1 6910 -1 6570 0
-1 -1 -1 4710 -1 -1 -1 -1 -1 -1 -1 -1 0
6160 -1 -1 -1 -1 -1 -1 -1 -1 3570 -1 -1 -1 0
5870 -1 -1 -1 -1 -1 -1 -1 11070 7020 -1 -1 -1 4680 0
-1 -1 6480 -1 3060 -1 -1 -1 -1 -1 -1 -1 -1 -1 -1 0
4650 -1 -1 -1 -1 -1 -1 -1 11850 -1 -1 5160 -1 -1 -1 -1 0
-1 -1 -1 1780 -1 -1 -1 5280 -1 -1 -1 -1 9040 -1 -1 -1 -1 0